3,2
3,1
3,3
10,202
10,243
10,297
10,212
10,238
10,144
10,159
10,2
10,3
9,4
9,6
58,3
58,2
58,1
58,0
57,3
8,9
8,17
8,12
8,5
57,2
8,7
57,1
57,0
56,3
56,2
56,1
56,0
55,4
55,3
55,2
55,1
55,0
54,5
54,4
54,3
54,2
54,1
54,0
53,4
53,3
53,2
53,1
53,0
52,4
52,3
52,2
52,1
52,0
51,4
51,3
51,2
51,1
51,0
50,3
50,2
50,1
50,0
20,2
20,1
12,3
20,3
12,2
12,1
11,30
11,29
11,28
11,27
11,26
11,25
11,24
11,22
11,21
11,20
11,19
11,18
11,17
11,16
11,15
11,14
11,13
11,12
11,11
11,9
11,8
11,7
11,6
11,5
11,4
11,3
11,2
19,2
11,1
19,1
10,307
19,3
10,300
10,293
10,286
10,280
10,265
10,263
10,256
10,251
10,250
10,245
10,237
10,229
10,223
10,207
10,206
10,193
10,183
18,1
10,182
10,178
